[CORDS]
latitude=40.82320
longitude=-96.69693
altitude=400